2249	戦艦	大和改
132
2,011,697
105/105
85
139
0
104
118
76	0	46	24
119	戦艦	榛名改二	99
1,000,000
81/81
85
96
0
92
93
74	0	49	41
1988	重巡	摩耶改二	99
1,000,000
57/57
49
81
84
135
78
83	0	64	14
926	潜水艦	呂500	99
1,000,000
13/13
49
13
93
0
21
70	0	34	44
867	正規空母	加賀改	99
1,000,000
79/79
49
49
0
79
79
69	0	89	12
1475	駆逐艦	雪風改
98
995,285
32/32
49
59
89
59
59
98	58	38	60
765	軽巡	阿武隈改二
98
959,201
45/45
62
56
94
78
68
82	81	59	32
3040	戦艦	Italia
98
930,480
92/92
49
102
0
90
92
75	0	51	30
7121	正規空母	瑞鶴改二
98
922,654
78/78
49
56
0
90
78
88	0	91	50
200	雷巡	北上改二
98
906,196
43/43
49
63
171
49
63
82	78	42	35
5781	正規空母	翔鶴改二
98
884,597
77/77
49
63
0
88
77
83	0	92	20
967	駆逐艦	島風改
98
866,351
36/36
49
59
99
59
59
98	58	38	12
3146	軽巡	酒匂改
98
856,374
46/46
76
64
78
73
69
79	83	58	30
1910	潜水空母	伊8改
98
852,779
19/19
49
14
104
0
19
48	0	38	25
779	戦艦	金剛改二
97
848,519
82/82
49
98
0
84
94
71	0	48	15
421	正規空母	赤城改
97
839,643
77/77
49
49
0
79
79
68	0	88	12
2815	雷巡	大井改二
97
824,882
43/43
49
63
151
49
63
82	77	42	13
361	潜水空母	伊58改
97
819,594
18/18
49
12
110
0
19
48	0	38	50
1682	軽空母	隼鷹改二
97
818,880
55/55
85
40
0
74
62
83	0	78	41
1262	航巡	利根改二
97
814,995
59/59
49
77
82
82
79
78	0	88	15
290	戦艦	霧島改二
96
750,948
82/82
49
104
0
82
92
70	0	47	14
2753	戦艦	長門改
96
723,662
90/90
49
147
0
107
98
67	0	52	32
6937	航巡	筑摩改二
96
719,553
58/58
49
96
83
98
79
77	5	94	14
207	航戦	山城改二
96
708,675
77/77
49
98
0
87
91
67	0	57	14
22	重巡	妙高改二
95
691,723
56/56
49
80
88
80
78
83	0	57	32
5132	正規空母	飛龍改二
95
683,381
67/67
82
64
0
82
76
80	0	87	50
3009	航戦	扶桑改二
95
681,862
77/77
49
99
0
88
90
67	0	57	13
4127	潜水空母	伊19改
95
672,130
18/18
58
12
115
0
19
47	0	38	13
426	航戦	伊勢改
95
664,848
77/77
55
79
0
89
92
75	0	47	30
761	航戦	日向改
94
649,441
77/77
49
79
0
91
92
74	4	53	30
7484	軽巡	大淀改
93
625,109
47/47
49
63
49
74
68
75	36	80	30
7282	重巡	足柄改二
93
620,323
56/56
49
82
84
74
79
80	0	54	20
170	軽空母	千歳航改二
93
620,150
58/58
49
34
0
72
65
67	0	76	13
4236	雷巡	木曾改二
92
604,870
44/44
49
64
110
72
65
81	78	46	13
67	戦艦	陸奥改
92
603,357
90/90
49
139
0
109
98
65	4	57	6
254	軽巡	五十鈴改二
92
602,032
44/44
68
59
79
84
69
76	91	55	13
1830	駆逐艦	時雨改二
92
599,166
31/31
49
59
84
72
52
90	66	40	50
419	戦艦	比叡改二
92
592,485
83/83
49
98
0
82
95
69	0	46	13
1303	潜水艦	伊168改
92
592,353
15/15
49
11
89
0
18
46	0	27	10
718	軽巡	神通改二
91
575,799
50/50
49
70
98
68
69
76	82	50	13
7843	軽巡	阿武隈改二
91
572,178
45/45
49
56
94
78
68
79	79	56	20
925	正規空母	蒼龍改二
91
572,095
67/67
57
57
0
84
75
70	0	87	15
12564	駆逐艦	霞改二
91
571,798
31/31
49
63
92
72
50
86	64	50	37
6288	軽空母	龍驤改二
91
570,544
50/50
49
40
0
48
62
66	0	75	15
6453	軽空母	飛鷹改
91
570,534
50/50
49
29
0
69
59
65	0	75	12
3700	駆逐艦	綾波改二
91
569,364
32/32
49
70
87
52
54
86	59	46	40
10590	重巡	Prinz Eugen改
90
558,488
63/63
49
75
84
60
82
70	0	46	40
7743	戦艦	Roma改
90
556,930
92/92
49
154
0
102
90
65	4	54	8
8343	航巡	最上改
90
545,966
50/50
49
75
69
59
71
65	0	55	10
7347	重巡	那智改二
90
545,922
56/56
49
80
84
83
78
79	0	56	18
13595	戦艦	武蔵改
90
545,824
97/97
49
139
0
99
119
59	0	38	9
6455	重巡	羽黒改二
90
545,731
57/57
49
84
84
72
77
80	0	54	19
1708	重巡	鳥海改二
90
545,555
57/57
49
85
86
70
78
76	0	58	19
1541	航巡	鈴谷改
90
545,533
50/50
49
75
69
59
71
65	0	55	10
8275	駆逐艦	照月改
86
478,480
37/37
49
58
56
114
52
81	66	43	11
153	駆逐艦	潮改二
84
457,339
33/33
49
50
80
74
56
90	65	42	32
1835	駆逐艦	吹雪改二
83
433,865
31/31
49
59
88
78
50
85	61	47	17
13	重巡	古鷹改二
83
431,774
53/53
49
77
75
64
72
70	0	47	14
172	軽巡	川内改二
80
390,737
48/48
49
67
88
70
69
76	67	47	14
3821	航巡	熊野改
79
378,542
50/50
49
75
69
59
71
61	0	51	10
2905	軽空母	瑞鳳改
78
360,158
45/45
49
29
0
39
59
52	0	69	40
3824	駆逐艦	初霜改二
77
350,227
31/31
49
52
84
81
51
87	59	39	53
10698	軽巡	矢矧改
77
349,152
47/47
49
68
79
74
69
74	69	49	14
71	駆逐艦	夕立改二
76
334,061
31/31
49
79
93
63
52
79	59	40	20
2223	駆逐艦	弥生改
75
319,678
24/24
49
39
52
39
33
77	55	31	12
1	駆逐艦	五月雨改
73
302,269
30/30
49
49
79
49
49
77	49	30	12
3031	駆逐艦	雷改
72
295,900
30/30
49
49
79
49
49
77	49	30	12
156	駆逐艦	電改
72
295,530
30/30
49
49
79
49
49
77	49	30	12
3038	駆逐艦	暁改二
72
294,957
31/31
49
60
90
59
50
77	55	48	15
2955	駆逐艦	Верный
72
294,146
37/37
49
54
89
59
57
77	62	34	20
3458	駆逐艦	卯月改
72
290,408
24/24
49
33
62
46
37
75	51	30	14
11199	駆逐艦	天津風改
70
266,882
34/34
85
49
84
63
61
81	49	30	17
1334	軽空母	千代田航改二
69
255,403
58/58
49
34
0
72
65
59	0	67	13
933	駆逐艦	時津風改
64
211,946
32/32
49
48
79
49
49
73	56	28	12
10609	駆逐艦	清霜改
60
183,684
32/32
85
50
80
50
49
73	52	29	13
7570	駆逐艦	春雨改
60
182,987
30/30
49
49
79
49
49
71	45	26	12
7672	駆逐艦	谷風改
57
164,728
32/32
49
48
79
49
49
70	51	25	16
10253	水母	千代田甲
56
158,004
42/42
49
29
72
39
39
39	0	52	10
10715	駆逐艦	萩風改
52
133,133
32/32
49
35
55
37
32
67	49	24	12
5091	駆逐艦	Z1改
50
126,877
33/33
49
45
70
40
45
60	52	25	12
7744	駆逐艦	Libeccio改
50
125,220
29/29
49
48
72
44
50
71	60	28	16
7607	駆逐艦	江風改
48
115,141
30/30
49
49
80
49
49
66	40	23	12
13307	水母	瑞穂改
48
113,408
42/42
49
45
72
44
48
32	0	65	10
13546	駆逐艦	磯風改
46
104,384
33/33
49
48
79
55
49
66	44	22	18
13376	駆逐艦	初月改
46
104,384
37/37
49
60
54
110
54
67	49	28	8
13494	重巡	Zara改
44
97,344
56/56
49
85
40
55
76
53	2	41	12
2957	正規空母	葛城
44
94,874
48/48
49
25
0
72
52
45	0	51	20
3379	水母	秋津洲改
42
88,805
36/36
49
28
0
46
42
47	4	42	14
7688	駆逐艦	海風改
41
82,975
30/30
49
33
56
37
32
63	41	21	13
8464	揚陸艦	あきつ丸改
38
73,214
40/40
85
33
0
37
43
29	0	30	13
2295	工作艦	明石改
36
63,932
45/45
49
24
0
36
27
20	0	3	12
10526	練習巡洋艦	鹿島改
35
59,833
40/40
49
37
39
62
39
36	39	24	20
13906	潜水艦	まるゆ
28
38,080
6/6
49
3
9
0
9
11	0	3	7
7711	補給艦	速吸改
27
35,665
48/48
49
36
0
48
19
16	18	29	8
13456	正規空母	Graf Zeppelin
25
32,256
70/70
49
40
0
65
57
34	0	47	4
13473	駆逐艦	朝雲
12
7,635
16/16
49
25
49
24
19
47	24	6	8
4742	潜水母艦	大鯨
10
5,070
39/39
49
15
0
18
37
25	0	26	20
13545	駆逐艦	朝霜
8
2,970
16/16
49
29
58
22
19
49	37	7	16
14181	潜水艦	まるゆ
5
1,152
6/6
49
3
9
0
9
9	0	1	7
14306	軽巡	大井	1
0
25/25
49
16
31
13
11
37	19	8	17
14392	駆逐艦	三日月	1
0
13/13
46
7
18
8
5
37	16	4	10
14391	軽巡	那珂	1
0
26/26
46
16
24
13
11
38	24	8	10
14332	重巡	加古	1
0
36/36
49
38
12
19
25
33	0	10	10
14290	駆逐艦	大潮	1
0
16/16
49
12
25
11
7
43	21	5	10
14367	軽巡	阿武隈	1
0
27/27
49
16
24
13
10
39	20	8	12
14257	軽巡	夕張	1
0
19/19
49
28
46
10
21
42	13	6	12
13493	駆逐艦	初風	1
0
16/16
49
17
40
16
19
46	24	6	10
14304	潜水艦	伊19	1
0
14/14
49
9
47
0
18
12	0	10	12
14347	潜水艦	伊168	1
0
10/10
49
7
36
0
15
15	0	9	10
14307	駆逐艦	夕雲	1
0
16/16
49
12
24
16
6
48	27	6	12
13481	駆逐艦	風雲	1
0
16/16
49
32
70
24
19
48	27	6	13
